9428
19377
12215
21500
30300
25138
20582
14048
1914
44860
10009
4171
26659
5328
3712
8315
1096
27013
3509
19809
31066
24442
31869
27428
43495
10828
13007
43323
16539
950
7105
20886
22001
43673
21770
28029
10301
42181
1783
3824
42733
16169
25655
30238
30847
33872
1782
42676
1181
44430
8104
28517
36551
1388
10550
39179
1299
21154
21547
34635
20154
16124
20125
18816
5104
37820
44426
34508
19181
23587
21698
19748
36686
41676
45412
34052
10029
23230
15667
38622
741
31084
10868
15434
12616
9826
24326
9913
37962
13569
39628
5604
44757
42462
9302
32214
35913
1389
14119
19501
13074
29087
2711
27318
17250
31707
8025
14308
17167
37969
36119
20475
22886
9025
40097
14342
16523
21914
21974
13248
33290
9667
2176
16640
15914
35372
21485
26272
16855
44677
25551
31351
34158
17058
7193
20187
18762
5014
10836
1365
12809
6537
8465
35330
13421
30468
5133
36499
31437
1868
29021
12087
42520
18295
45778
34470
32533
7157
10096
3917
22021
13594
12423
16801
431
41628
10761
25018
39941
137
14527
30647
39472
40292
40400
10138
11694
21127
38956
1721
28409
5113
19979
34996
26989
22319
27492
1266
15678
35562
4291
15848
31509
4941
19846
26747
44272
13898
15185
28333
6697
12237
38287
14120
7136
44563
6192
4642
22663
2160
41874
2372
28209
22306
37798
5413
30596
37010
13571
42630
33262
40543
3262
41193
10963
43445
28104
30946
26793
26248
13291
36383
36678
345
1676
16626
27662
36689
18585
16076
11573
27044
25595
6228
28205
45697
10274
20755
42553
19206
19233
15473
12525
3559
25172
27055
33896
41073
18527
6675
24618
44797
33124
41454
20293
34456
19798
7518
39858
40015
31909
44982
11050
39328
32958
4295
19994
18830
34715
22621
36023
37877
45646
17924
16050
36051
27363
219
29219
1150
28017
25456
30002
43359
17437
29973
235
1131
19832
24331
8063
24931
22509
22628
43395
8207
22579
17158
18468
25599
18329
26303
2948
44536
22016
6351
9039
1859
13210
32004
24288
18380
6976
45874
25145
19497
29099
27126
2977
19020
7474
9673
23368
31549
36137
22101
32819
4982
39746
526
2188
15620
16654
2431
39674
28658
24110
7819
10745
5608
9830
26872
25726
44253
14877
13723
6626
26121
27479
14966
13542
14149
37313
39693
16737
16586
12020
6341
39747
6113
12964
14523
27829
27268
20061
32763
23793
26029
6793
21955
13610
21387
407
15430
26455
5791
12297
2626
9256
36055
26411
33713
15189
16784
21471
28758
13227
9555
26407
1408
28787
17854
14808
29612
8219
4582
27496
38481
34530
12130
13919
27679
1780
10804
37336
45867
32731
31174
833
21445
5442
42988
27098
14266
35286
37801
24576
7740
17543
8392
33611
36992
17059
33021
14318
18641
14242
1225
1494
7382
42270
2140
7271
25768
7727
5739
36176
23566
29044
27061
5172
24577
28861
34689
38022
8213
25111
20155
10350
3635
44590
40935
31008
9090
43650
34453
41540
31181
22303
30221
12311
18064
3335
19207
26829
29683
27047
41738
27926
22525
44655
28315
29205
36039
38291
5800
33898
8409
9170
29716
41190
42451
27058
30892
7207
4084
29785
1900
30583
18893
36087
5013
3302
21385
1924
11700
27826
37993
30353
37378
37437
44564
1400
39614
24513
4768
18578
35256
25169
37633
6790
2458
21094
14025
33326
32525
22484
43291
6639
34273
41505
8196
28725
7513
13488
13520
39675
18117
43675
30004
22493
21119
727
29686
38193
2885
3279
9401
39424
14623
43032
41377
4683
35302
32093
2189
10046
28909
40517
15059
20821
14807
26195
7133
32364
42271
18887
24670
4529
1903
2656
42185
21294
42240
21135
25627
6702
44252
10548
13108
25230
32647
22779
26070
24157
38345
45413
4779
25839
18498
23694
16194
45340
34199
19596
31677
20725
29768
10823
26865
24026
16404
2897
7183
21545
2166
556
1483
15787
25569
31738
33023
3706
30675
23800
1014
13933
38199
26962
18103
17229
35825
23652
280
20212
17159
26499
5754
13031
27360
14722
21110
28463
18084
22048
15797
21290
6093
24219
5183
6131
36559
32006
45435
30127
20487
2296
12293
4548
30222
7974
40651
45062
6935
22654
7113
33123
45210
19626
1268
40508
27063
35658
45411
22922
21386
9604
39006
21782
39610
42808
45247
9985
36973
17690
36029
42113
5300
40197
2283
1856
13757
347
36053
14694
45777
19182
34935
35828
9356
36224
18923
767
30859
6094
26133
12456
16727
23145
9995
26171
18648
10134
35304
43399
29970
15701
36171
3912
37592
24034
24949
2397
35576
26609
12750
4329
39226
34976
24126
7153
23519
38938
1866
30130
33455
10582
41841
26977
25076
2356
20999
32975
33394
6979
2141
13060
17878
21047
43967
43407
41164
35148
8198
13479
26197
16736
27408
2506
36534
26028
13182
6819
13697
14805
16851
7151
7708
740
19797
12910
38823
39335
2573
31314
28985
29359
25926
15708
8421
17194
15138
43879
41677
13798
13746
10751
17615
827
24521
28700
24800
39230
5641
5752
5694
13240
42208
39005
33384
36077
15258
5457
10566
26645
1034
37230
33261
34171
22583
24564
38332
19415
31680
15491
24441
4790
29243
37224
22370
5849
44145
34163
21972
29896
37022
38939
12454
44371
19943
34383
27773
27789
43002
35756
45168
21352
25895
32617
18331
1743
36714
8683
10892
32709
45558
6789
39134
33784
21784
5981
5111
26992
5821
15533
25329
22861
823
4449
38253
28826
30003
10546
33782
37952
38169
4466
3507
20175
18157
24100
26014
42439
18167
529
9953
33767
12313
26336
24787
10928
18323
34794
3008
34523
5329
15624
36080
41538
29356
25904
9827
38410
2036
3519
18088
6097
21019
24474
4922
7501
5840
43242
34870
28420
7958
21956
40910
22896
22527
29177
33714
40901
34406
40544
28988
28765
22854
22105
35524
29608
25270
3105
24023
5924
14680
22512
35753
21462
43241
24119
3774
32881
11770
16155
7017
9727
40010
21216
4636
28535
11371
44315
41261
41398
43652
45166
36319
38197
34961
21389
41785
43416
33895
20899
40853
41882
22152
40539
13059
4522
12307
45077
29685
18745
2143
36575
952
21267
42292
1695
40164
38998
37805
37034
45165
23109
24685
16081
10346
43994
1488
2208
2754
40254
43015
18811
77
39429
33307
42191
24734
39423
6354
36123
13992
530
29667
25711
3705
45457
33024
7094
3555
2742
23111
26285
6693
12671
17695
36064
32535
35754
39039
12022
15006
6760
34749
33653
2243
27932
38379
22410
30746
27542
13900
18789
13629
11969
23251
7691
6474
7746
25222
37345
22507
39282
32302
6772
21533
40776
32521
3727
28756
22594
6151
20239
595
38367
5360
32112
18163
36062
10297
39208
33722
43448
15247
12913
819
27836
25679
36688
26965
4479
30475
24111
8179
30654
24522
28855
38911
18155
9464
4204
20064
22616
24394
41778
36382
36643
11589
31817
10472
16816
19017
20998
6303
25836
2749
20805
26590
36641
22567
10970
45030
10008
7745
4607
27205
12512
3113
5456
37754
2943
39920
17859
461
14483
33741
22024
8488
6497
14862
33969
12292
253
11365
7191
42555
2087
2509
5198
15041
21311
1926
24534
26748
2231
3896
45319
38277
33443
31608
43258
25347
31009
24897
17531
38091
44264
6898
14299
22695
10111
18642
3666
38950
36933
42805
20291
42631
9172
22801
10962
16754
31706
31257
13485
40257
6547
4551
36376
30641
17661
10964
41678
37267
23570
38955
25489
24480
5149
14586
41121
42501
16856
2037
10925
44205
33743
16628
28531
2171
5214
32143
4292
25280
3904
4524
25041
21079
39169
12630
38414
37043
30932
10513
28872
8807
44169
32398
23548
39043
37198
16685
2635
15095
2519
42148
19969
19941
34939
8771
19555
38582
801
39678
5118
7979
29490
18049
23702
43536
38451
41336
45889
27302
10422
19883
36213
15167
29756
35694
8849
19796
9125
33529
17469
45089
21727
3658
14563
21697
29868
2674
18313
18813
20941
953
41392
37653
22608
25058
31955
5600
2241
11290
15397
34773
21572
45404
29156
43964
33218
27345
37452
4703
13923
33303
4201
25165
30803
40892
17091
25881
31002
19599
14593
26587
13878
7602
33711
44807
9671
22404
7680
22546
20400
26557
35360
39757
1792
18081
7107
34440
8309
30876
34589
28070
18067
26985
28454
20897
40670
33564
12987
9557
21175
26041
34597
11693
32762
17622
22735
41394
7908
9683
14265
12049
10911
30608
19443
14156
4554
27761
34471
34638
40921
37812
12187
3433
21379
43163
16577
28445
13264
37462
18701
11837
3233
23495
16934
38117
40322
45485
16047
684
3780
35478
36877
19227
15547
21241
13708
11425
42482
35700
25447
17488
42315
10569
43244
34208
5570
29999
8432
27840
815
603
2568
18655
28539
40705
38899
4595
4820
15534
30339
18141
30069
32419
11400
38313
37814
20738
37232
5361
22828
5818
41973
32800
6350
32124
14681
44971
40406
3000
34153
19147
34181
27575
15205
41489
24058
10735
45034
36177
33120
22076
19021
2434
1338
21126
599
44627
25639
18336
20309
14076
44804
34505
28027
19295
9813
42496
18328
27285
12959
41207
22633
42927
8374
1860
16868
38385
43076
36908
38305
42075
35846
41953
12873
33142
8928
19757
22849
11958
31576
36170
33929
7905
9804
41163
11762
31269
43040
38134
33907
18538
14324
10655
34017
29033
14269
948
24802
5555
24444
38580
24801
42678
33022
9542
2646
9932
41237
20107
27565
43188
20628
10600
45665
40676
11169
545
8872
39549
852
18664
27407
13570
17041
12668
39748
5571
3477
30833
2744
43993
22678
37739
24289
27652
17486
41566
18346
1945
41514
17932
3017
389
22615
36262
29819
11186
21011
29416
17191
13040
13481
23754
44261
45830
20024
40014
30210
